ETITLE:      TS           BOND          ANGLE          DIHED          IMPRP               ELECT            VDW       BOUNDARY           MISC        KINETIC               TOTAL           TEMP      POTENTIAL         TOTAL3        TEMPAVG            PRESSURE      GPRESSURE         VOLUME       PRESSAVG      GPRESSAVG
ENERGY:       0         0.0000         0.0000         0.0000         0.0000          -5460.6264       775.2761         0.0000         0.0000         0.0000          -4685.3503         0.0000     -4685.3503     -4684.5922         0.0000           6516.2506      6528.3282     23823.1240      6516.2506      6528.3282
ENERGY:    5000         0.0000         0.0000         0.0000         0.0000          -5633.2535       408.5855         0.0000         0.0000       936.3786          -4288.2894       297.4792     -5224.6679     -4284.8646       275.9488           -609.3005      -584.8335     22870.5097      -124.7556      -124.7038
ENERGY:   10000         0.0000         0.0000         0.0000         0.0000          -5615.0299       406.9434         0.0000         0.0000       930.6268          -4277.4598       295.6520     -5208.0866     -4274.3766       297.3528           -131.2314      -126.8012     22824.7645      -227.9461      -227.9053
ENERGY:   15000         0.0000         0.0000         0.0000         0.0000          -5647.4899       419.7315         0.0000         0.0000       937.2795          -4290.4789       297.7655     -5227.7584     -4287.3743       297.9734             56.4365        67.1043     22566.2683      -151.7745      -151.9208
ENERGY:   20000         0.0000         0.0000         0.0000         0.0000          -5647.7464       418.0837         0.0000         0.0000       983.9318          -4245.7309       312.5865     -5229.6627     -4243.3326       301.7203            129.9336       137.7710     22668.0821      -161.5124      -161.5444
ENERGY:   25000         0.0000         0.0000         0.0000         0.0000          -5638.6819       406.9430         0.0000         0.0000       950.7053          -4281.0336       302.0307     -5231.7389     -4278.7260       298.2751            307.5531       313.3002     22351.2603      -150.7743      -150.6511
ENERGY:   30000         0.0000         0.0000         0.0000         0.0000          -5538.0467       396.0680         0.0000         0.0000       903.3884          -4238.5903       286.9986     -5141.9787     -4236.3183       303.0375           -213.3700      -202.0936     22924.8380      -201.7383      -201.7746
ENERGY:   35000         0.0000         0.0000         0.0000         0.0000          -5554.7593       353.8942         0.0000         0.0000       927.6098          -4273.2553       294.6935     -5200.8651     -4271.0153       295.6970           -794.2831      -772.2392     22731.0153      -265.4129      -265.2758
ENERGY:   40000         0.0000         0.0000         0.0000         0.0000          -5534.5472       372.5814         0.0000         0.0000       957.1926          -4204.7732       304.0917     -5161.9658     -4203.4567       298.7571           -422.3879      -411.0217     22889.3958      -314.1237      -314.0458
ENERGY:   45000         0.0000         0.0000         0.0000         0.0000          -5569.1581       374.7282         0.0000         0.0000       914.1860          -4280.2439       290.4289     -5194.4299     -4278.5091       299.5087           -576.3588      -547.9646     22854.4932      -234.1384      -234.0341
ENERGY:   50000         0.0000         0.0000         0.0000         0.0000          -5630.3890       397.1615         0.0000         0.0000       941.5540          -4291.6734       299.1235     -5233.2275     -4289.3879       294.1520           -418.4550      -398.6120     22962.6148      -237.9998      -237.8843
ENERGY:   55000         0.0000         0.0000         0.0000         0.0000          -5622.5120       399.1899         0.0000         0.0000       916.6774          -4306.6447       291.2204     -5223.3221     -4304.9389       299.9369           -127.7011      -103.3682     22631.9151      -191.9766      -192.0987
ENERGY:   60000         0.0000         0.0000         0.0000         0.0000          -5657.2374       416.9054         0.0000         0.0000       950.4182          -4289.9137       301.9395     -5240.3319     -4286.5937       297.8227           -326.4859      -324.2698     22813.6695      -210.4550      -210.4518
ENERGY:   65000         0.0000         0.0000         0.0000         0.0000          -5617.5348       406.8706         0.0000         0.0000       966.0064          -4244.6578       306.8918     -5210.6642     -4242.7313       300.4861             88.3630       113.5122     22498.4705      -215.7520      -215.9452
ENERGY:   70000         0.0000         0.0000         0.0000         0.0000          -5582.7773       385.0610         0.0000         0.0000       954.1191          -4243.5972       303.1152     -5197.7162     -4242.4918       302.0704           -397.6215      -382.2940     22795.2676      -204.7339      -204.6814
ENERGY:   75000         0.0000         0.0000         0.0000         0.0000          -5641.1701       397.7499         0.0000         0.0000       968.7987          -4274.6215       307.7788     -5243.4202     -4272.7896       302.6281           -381.8001      -368.8015     22877.1155      -269.4926      -269.5152
ENERGY:   80000         0.0000         0.0000         0.0000         0.0000          -5562.2771       395.4768         0.0000         0.0000       914.0950          -4252.7052       290.4000     -5166.8002     -4250.8754       300.0306           -313.7427      -289.3459     22812.9843      -245.1668      -245.1845
ENERGY:   85000         0.0000         0.0000         0.0000         0.0000          -5556.6923       353.1671         0.0000         0.0000       926.8364          -4276.6888       294.4478     -5203.5252     -4274.0987       301.4698           -733.0045      -717.9161     22617.1646      -215.2670      -215.2788
ENERGY:   90000         0.0000         0.0000         0.0000         0.0000          -5448.1534       326.4904         0.0000         0.0000       937.9786          -4183.6844       297.9876     -5121.6630     -4181.4588       298.8673           -890.7207      -877.4252     22938.7477      -311.1633      -311.1508
ENERGY:   95000         0.0000         0.0000         0.0000         0.0000          -5563.6304       382.4330         0.0000         0.0000       937.2727          -4243.9247       297.7633     -5181.1974     -4241.8718       298.4733           -457.1847      -447.1261     22695.8394      -239.3415      -239.1522
ENERGY:  100000         0.0000         0.0000         0.0000         0.0000          -5602.5448       361.4894         0.0000         0.0000       933.8616          -4307.1938       296.6796     -5241.0554     -4303.6977       297.1652           -654.0642      -635.5748     22578.1037      -221.0244      -221.1176
ENERGY:  105000         0.0000         0.0000         0.0000         0.0000          -5554.2028       385.5108         0.0000         0.0000       947.9410          -4220.7510       301.1525     -5168.6921     -4218.6363       302.0392             36.4164        44.3699     22568.6798      -148.0256      -147.9829
ENERGY:  110000         0.0000         0.0000         0.0000         0.0000          -5623.3362       441.8250         0.0000         0.0000       938.3916          -4243.1197       298.1188     -5181.5113     -4240.8281       306.0033            610.5842       633.6023     22569.5293      -219.4240      -219.4212
ENERGY:  115000         0.0000         0.0000         0.0000         0.0000          -5554.5801       386.6235         0.0000         0.0000       966.4248          -4201.5319       307.0247     -5167.9567     -4199.4489       298.9074            230.4701       244.3904     22609.1648      -196.0152      -196.0618
ENERGY:  120000         0.0000         0.0000         0.0000         0.0000          -5613.9983       391.0872         0.0000         0.0000       956.2424          -4266.6687       303.7898     -5222.9111     -4264.1737       300.2468           -413.1879      -364.2533     22812.1959      -239.4538      -239.4468
ENERGY:  125000         0.0000         0.0000         0.0000         0.0000          -5573.7691       350.6180         0.0000         0.0000       923.0211          -4300.1300       293.2357     -5223.1511     -4297.7397       296.0852           -988.7224      -970.0672     22870.6963      -205.8864      -205.6760
ENERGY:  130000         0.0000         0.0000         0.0000         0.0000          -5668.0238       434.0080         0.0000         0.0000       946.1342          -4287.8817       300.5785     -5234.0158     -4285.2312       298.7448            213.7920       242.7562     22489.3023      -204.3231      -204.1266
ENERGY:  135000         0.0000         0.0000         0.0000         0.0000          -5644.1010       391.8995         0.0000         0.0000       951.7391          -4300.4624       302.3591     -5252.2014     -4298.4683       295.4967           -210.2967      -194.3382     22749.9176      -182.5501      -182.6914
ENERGY:  140000         0.0000         0.0000         0.0000         0.0000          -5621.1481       383.9577         0.0000         0.0000       955.0864          -4282.1040       303.4226     -5237.1904     -4280.2326       296.1468           -550.8345      -516.3277     22500.0883      -187.2438      -187.3263
ENERGY:  145000         0.0000         0.0000         0.0000         0.0000          -5601.8005       358.0845         0.0000         0.0000       952.0823          -4291.6337       302.4682     -5243.7160     -4288.4054       298.4581           -370.4137      -350.9612     22500.3251      -218.5811      -218.6098
ENERGY:  150000         0.0000         0.0000         0.0000         0.0000          -5522.8117       322.5207         0.0000         0.0000       939.7919          -4260.4991       298.5636     -5200.2910     -4258.4406       301.3040          -1228.8038     -1207.9927     22806.1070      -271.8403      -271.7346
ENERGY:  155000         0.0000         0.0000         0.0000         0.0000          -5587.2920       384.2473         0.0000         0.0000       951.8803          -4251.1643       302.4040     -5203.0447     -4250.4458       302.8466           -427.8774      -409.8488     22848.3795      -295.0718      -295.1439
ENERGY:  160000         0.0000         0.0000         0.0000         0.0000          -5579.7006       395.0312         0.0000         0.0000      1028.6156          -4156.0538       326.7822     -5184.6694     -4154.3583       301.7050           -115.2165       -99.6024     22922.3157      -287.0611      -287.0772
ENERGY:  165000         0.0000         0.0000         0.0000         0.0000          -5645.9645       398.2353         0.0000         0.0000       914.0309          -4333.6982       290.3796     -5247.7291     -4331.3393       301.3907           -252.1945      -244.4741     22510.3028      -188.2471      -188.3079
ENERGY:  170000         0.0000         0.0000         0.0000         0.0000          -5575.1504       345.3827         0.0000         0.0000       954.4236          -4275.3441       303.2120     -5229.7677     -4273.5129       293.7531           -476.7301      -450.7063     22518.0403      -318.1543      -318.0858
ENERGY:  175000         0.0000         0.0000         0.0000         0.0000          -5577.1939       361.1339         0.0000         0.0000       932.7809          -4283.2792       296.3363     -5216.0600     -4280.4285       295.5022           -520.0639      -496.6552     22687.0186      -203.9198      -203.8754
ENERGY:  180000         0.0000         0.0000         0.0000         0.0000          -5686.3250       410.1436         0.0000         0.0000       935.5521          -4340.6293       297.2167     -5276.1814     -4339.2866       299.9848           -114.8146      -106.0328     22503.1888      -245.0437      -245.1253
ENERGY:  185000         0.0000         0.0000         0.0000         0.0000          -5571.6286       337.3221         0.0000         0.0000       910.8191          -4323.4874       289.3592     -5234.3065     -4321.6322       294.8138          -1048.5313     -1015.5475     22941.2640      -213.4682      -213.4786
ENERGY:  190000         0.0000         0.0000         0.0000         0.0000          -5613.9215       396.3828         0.0000         0.0000       968.2851          -4249.2536       307.6157     -5217.5387     -4246.2942       299.0259           -418.2875      -390.9774     22865.1778      -238.2948      -238.4453
ENERGY:  195000         0.0000         0.0000         0.0000         0.0000          -5548.1294       352.5705         0.0000         0.0000       963.4544          -4232.1045       306.0810     -5195.5589     -4230.0610       298.9947           -442.6590      -432.6058     22523.9852      -222.1059      -222.2194
ENERGY:  200000         0.0000         0.0000         0.0000         0.0000          -5578.6415       387.9301         0.0000         0.0000       946.8864          -4243.8250       300.8175     -5190.7114     -4240.8151       303.7505              1.7323         7.6917     22780.6644      -210.8169      -210.6957
ENERGY:  205000         0.0000         0.0000         0.0000         0.0000          -5605.8701       374.4709         0.0000         0.0000       966.5126          -4264.8866       307.0526     -5231.3992     -4261.2184       303.2353           -487.2423      -478.1199     22771.3414      -228.0629      -228.0766
ENERGY:  210000         0.0000         0.0000         0.0000         0.0000          -5567.7799       338.2047         0.0000         0.0000       884.2783          -4345.2969       280.9274     -5229.5752     -4344.7126       298.2087          -1385.1657     -1338.1489     23227.7784      -245.3163      -245.2167
ENERGY:  215000         0.0000         0.0000         0.0000         0.0000          -5604.6809       424.4847         0.0000         0.0000       959.2158          -4220.9804       304.7344     -5180.1962     -4219.3476       299.0856            511.0509       521.7777     22360.8639      -231.0868      -231.2645
ENERGY:  220000         0.0000         0.0000         0.0000         0.0000          -5604.1648       388.9258         0.0000         0.0000       942.7608          -4272.4781       299.5068     -5215.2389     -4270.3517       297.4323            -21.5145        -9.6794     22486.6773      -235.5560      -235.4055
ENERGY:  225000         0.0000         0.0000         0.0000         0.0000          -5593.0506       390.7602         0.0000         0.0000       916.2436          -4286.0467       291.0826     -5202.2904     -4283.8693       294.4367           -595.9954      -574.7555     22646.9732      -220.2338      -220.5565
ENERGY:  230000         0.0000         0.0000         0.0000         0.0000          -5657.5238       439.8369         0.0000         0.0000       925.0101          -4292.6768       293.8676     -5217.6870     -4290.7821       300.6545            596.2652       629.5310     22623.7738      -239.1499      -239.0629
ENERGY:  235000         0.0000         0.0000         0.0000         0.0000          -5565.8792       363.0779         0.0000         0.0000       961.8855          -4240.9158       305.5826     -5202.8013     -4239.2248       294.2640           -309.5185      -281.0007     22535.5698      -249.9424      -249.9403
ENERGY:  240000         0.0000         0.0000         0.0000         0.0000          -5647.6687       447.5200         0.0000         0.0000       940.8689          -4259.2798       298.9058     -5200.1487     -4258.2271       299.5234            594.3979       616.6048     22757.8873      -234.3512      -234.3428
ENERGY:  245000         0.0000         0.0000         0.0000         0.0000          -5570.9349       365.5607         0.0000         0.0000       929.2901          -4276.0842       295.2273     -5205.3743     -4274.6217       301.8056           -271.0898      -250.4441     22570.5026      -209.1613      -209.1523
ENERGY:  250000         0.0000         0.0000         0.0000         0.0000          -5546.6775       427.6406         0.0000         0.0000       946.4345          -4172.6024       300.6739     -5119.0369     -4169.7223       306.4904            347.2448       354.5071     22755.4581      -232.7244      -232.8784
ENERGY:  255000         0.0000         0.0000         0.0000         0.0000          -5614.8554       438.3886         0.0000         0.0000       950.8761          -4225.5907       302.0850     -5176.4669     -4224.3061       302.1163             86.4793        89.5298     22950.2428      -196.6971      -196.6542
ENERGY:  260000         0.0000         0.0000         0.0000         0.0000          -5592.6940       400.5861         0.0000         0.0000       948.5971          -4243.5108       301.3610     -5192.1079     -4241.2853       304.0158           -239.0321      -199.7849     22769.4711      -248.8856      -248.8168
ENERGY:  265000         0.0000         0.0000         0.0000         0.0000          -5604.3289       404.5262         0.0000         0.0000       954.5908          -4245.2119       303.2651     -5199.8027     -4243.4789       301.0660           -132.5330      -118.3598     22652.2590      -243.6298      -243.5262
ENERGY:  270000         0.0000         0.0000         0.0000         0.0000          -5563.5953       392.8896         0.0000         0.0000       927.4052          -4243.3005       294.6285     -5170.7057     -4239.7742       298.4366            -63.3923       -32.4784     22765.4500      -237.0774      -236.9873
ENERGY:  275000         0.0000         0.0000         0.0000         0.0000          -5608.3536       421.9398         0.0000         0.0000       934.2886          -4252.1253       296.8153     -5186.4138     -4249.2351       298.3541            -94.1110       -75.3672     22803.7094      -230.6614      -230.6737
ENERGY:  280000         0.0000         0.0000         0.0000         0.0000          -5586.1485       373.3528         0.0000         0.0000       929.2538          -4283.5419       295.2158     -5212.7957     -4280.7086       296.4186           -643.9664      -622.7583     22792.1695      -233.4766      -233.5307
ENERGY:  285000         0.0000         0.0000         0.0000         0.0000          -5623.7376       392.5300         0.0000         0.0000       960.8203          -4270.3873       305.2442     -5231.2076     -4268.5346       303.2407           -607.2257      -587.3474     22571.6303      -204.7565      -204.7998
ENERGY:  290000         0.0000         0.0000         0.0000         0.0000          -5722.7166       365.1434         0.0000         0.0000       937.6180          -4419.9552       297.8730     -5357.5732     -4417.4688       290.0091           -954.7744      -921.1547     22401.1977      -220.5351      -220.5035
ENERGY:  295000         0.0000         0.0000         0.0000         0.0000          -5651.1306       426.8734         0.0000         0.0000       974.9021          -4249.3552       309.7178     -5224.2573     -4246.6360       292.4550            253.9475       275.9793     22583.2657      -170.2464      -170.2841
ENERGY:  300000         0.0000         0.0000         0.0000         0.0000          -5614.6345       393.4139         0.0000         0.0000       958.6762          -4262.5444       304.5630     -5221.2207     -4259.6785       298.4658            -25.6445        -2.9811     22302.5857      -189.2703      -189.3503
ENERGY:  305000         0.0000         0.0000         0.0000         0.0000          -5718.4382       430.2659         0.0000         0.0000       946.6423          -4341.5300       300.7400     -5288.1723     -4340.5154       297.4217             87.9992       105.9515     22493.1759      -178.8844      -178.8780
ENERGY:  310000         0.0000         0.0000         0.0000         0.0000          -5565.6098       395.4228         0.0000         0.0000       963.3498          -4206.8372       306.0478     -5170.1870     -4205.2922       298.9684             47.2387        57.6906     22681.8459      -195.3683      -195.3649
ENERGY:  315000         0.0000         0.0000         0.0000         0.0000          -5717.4804       440.6789         0.0000         0.0000       898.7968          -4378.0047       285.5398     -5276.8015     -4375.9671       297.0175            404.3914       426.2322     22498.5647      -203.6635      -203.8876
ENERGY:  320000         0.0000         0.0000         0.0000         0.0000          -5654.4513       395.8054         0.0000         0.0000       923.2650          -4335.3809       293.3132     -5258.6459     -4332.5114       290.7942           -268.2519      -234.2136     22739.9235      -228.2370      -228.3632
ENERGY:  325000         0.0000         0.0000         0.0000         0.0000          -5676.7430       399.6536         0.0000         0.0000       923.1148          -4353.9746       293.2655     -5277.0894     -4351.7346       298.1017            108.8144       116.6008     22218.7117      -176.8400      -176.9062
ENERGY:  330000         0.0000         0.0000         0.0000         0.0000          -5641.2800       423.6038         0.0000         0.0000       929.0197          -4288.6566       295.1414     -5217.6762     -4286.3627       297.5064             -4.6342        25.2438     22852.8954      -223.8960      -223.8919
ENERGY:  335000         0.0000         0.0000         0.0000         0.0000          -5504.0422       352.8686         0.0000         0.0000       957.5134          -4193.6602       304.1936     -5151.1736     -4191.7532       297.9427           -469.1251      -459.0991     22730.3490      -164.1221      -164.2122
ENERGY:  340000         0.0000         0.0000         0.0000         0.0000          -5641.5866       406.7147         0.0000         0.0000       946.1317          -4288.7403       300.5777     -5234.8720     -4285.8701       299.2620           -222.4483      -219.5446     22691.3463      -208.0150      -208.0034
ENERGY:  345000         0.0000         0.0000         0.0000         0.0000          -5603.7818       412.3803         0.0000         0.0000       920.9182          -4270.4833       292.5676     -5191.4015     -4268.2636       296.5513            354.2113       347.8613     22505.0699      -198.4940      -198.4214
ENERGY:  350000         0.0000         0.0000         0.0000         0.0000          -5603.0424       385.1688         0.0000         0.0000       913.1865          -4304.6872       290.1113     -5217.8736     -4303.1152       298.5745           -366.2868      -347.7212     22510.7307      -160.6978      -160.5846
ENERGY:  355000         0.0000         0.0000         0.0000         0.0000          -5650.5935       412.3697         0.0000         0.0000       923.1668          -4315.0569       293.2820     -5238.2238     -4313.7487       299.5094           -138.2635      -135.9760     22656.9575      -232.6182      -232.5533
ENERGY:  360000         0.0000         0.0000         0.0000         0.0000          -5581.2148       388.2828         0.0000         0.0000       918.5089          -4274.4231       291.8022     -5192.9320     -4273.0643       296.0609           -252.4958      -236.5136     22836.4978      -254.8104      -254.7174
ENERGY:  365000         0.0000         0.0000         0.0000         0.0000          -5573.5679       372.2062         0.0000         0.0000       985.7140          -4215.6477       313.1527     -5201.3618     -4213.6627       304.0398           -782.1437      -754.2125     22825.8348      -208.3625      -208.3843
ENERGY:  370000         0.0000         0.0000         0.0000         0.0000          -5591.5427       380.4383         0.0000         0.0000       947.2437          -4263.8607       300.9310     -5211.1044     -4260.5874       300.1869           -189.0038      -175.6765     22668.9546      -143.7711      -143.7095
ENERGY:  375000         0.0000         0.0000         0.0000         0.0000          -5610.7133       395.3658         0.0000         0.0000       961.2836          -4254.0640       305.3913     -5215.3475     -4253.1366       300.6882             -3.6597        20.0061     22533.9692      -237.0937      -237.2187
ENERGY:  380000         0.0000         0.0000         0.0000         0.0000          -5599.6743       369.4814         0.0000         0.0000       965.6197          -4264.5732       306.7689     -5230.1928     -4262.9770       299.9973           -325.8521      -298.9972     22476.2455      -203.9580      -204.0206
ENERGY:  385000         0.0000         0.0000         0.0000         0.0000          -5578.9551       375.2911         0.0000         0.0000       942.5386          -4261.1253       299.4362     -5203.6640     -4258.3527       297.1001           -259.8699      -250.8847     22559.9468      -205.2781      -205.4249
ENERGY:  390000         0.0000         0.0000         0.0000         0.0000          -5551.6943       389.1955         0.0000         0.0000       967.2982          -4195.2005       307.3021     -5162.4987     -4192.5026       306.2796            -66.6205       -37.8822     22733.4751      -228.7411      -228.6158
ENERGY:  395000         0.0000         0.0000         0.0000         0.0000          -5580.9762       390.9192         0.0000         0.0000      1005.5771          -4184.4800       319.4630     -5190.0571     -4182.1979       305.0016           -335.6325      -298.5019     22819.3073      -288.8225      -289.0178
ENERGY:  400000         0.0000         0.0000         0.0000         0.0000          -5608.8216       417.8635         0.0000         0.0000       916.1721          -4274.7859       291.0598     -5190.9581     -4271.7707       301.4072            109.8993       136.3878     22672.5279      -203.3960      -203.4012
ENERGY:  405000         0.0000         0.0000         0.0000         0.0000          -5611.5684       401.2726         0.0000         0.0000       923.0024          -4287.2934       293.2298     -5210.2958     -4286.4471       294.6046           -257.4936      -237.1315     22793.8692      -245.9234      -245.9457
ENERGY:  410000         0.0000         0.0000         0.0000         0.0000          -5629.0041       403.0669         0.0000         0.0000       969.3774          -4256.5597       307.9627     -5225.9371     -4254.3393       299.7198           -275.8577      -266.4175     22945.3421      -239.5815      -239.3976
ENERGY:  415000         0.0000         0.0000         0.0000         0.0000          -5514.0848       358.0503         0.0000         0.0000       968.0902          -4187.9443       307.5537     -5156.0344     -4185.8536       302.5457           -485.5353      -468.5849     22770.0789      -196.6696      -196.7808
ENERGY:  420000         0.0000         0.0000         0.0000         0.0000          -5689.8842       439.2774         0.0000         0.0000       930.6975          -4319.9093       295.6744     -5250.6068     -4317.0321       297.7947             27.9012        55.8043     22678.2929      -112.2333      -112.3175
ENERGY:  425000         0.0000         0.0000         0.0000         0.0000          -5678.3564       450.9712         0.0000         0.0000       956.8256          -4270.5596       303.9751     -5227.3852     -4268.8662       300.0448            140.9098       160.4133     22949.0348      -253.3621      -253.5518
ENERGY:  430000         0.0000         0.0000         0.0000         0.0000          -5580.5970       358.1641         0.0000         0.0000       928.1231          -4294.3098       294.8566     -5222.4328     -4293.0805       299.8442           -816.9003      -811.7008     22996.6082      -180.7828      -180.7577
ENERGY:  435000         0.0000         0.0000         0.0000         0.0000          -5484.1868       350.4155         0.0000         0.0000       937.3848          -4196.3865       297.7989     -5133.7713     -4194.5732       297.4422           -507.8970      -476.8613     22730.4603      -246.6672      -246.6949
ENERGY:  440000         0.0000         0.0000         0.0000         0.0000          -5568.6367       356.9216         0.0000         0.0000       955.6096          -4256.1054       303.5888     -5211.7150     -4254.5455       299.8416           -612.3121      -597.2074     22674.2411      -262.1506      -261.8977
ENERGY:  445000         0.0000         0.0000         0.0000         0.0000          -5742.7027       461.9155         0.0000         0.0000       959.8377          -4320.9494       304.9320     -5280.7871     -4318.7459       294.9592            526.9977       563.3270     22414.5665      -177.8180      -177.7066
ENERGY:  450000         0.0000         0.0000         0.0000         0.0000          -5637.8827       424.7643         0.0000         0.0000       972.5602          -4240.5582       308.9738     -5213.1184     -4237.5249       296.7301            379.6499       413.5276     22663.4710      -218.3746      -218.4121
ENERGY:  455000         0.0000         0.0000         0.0000         0.0000          -5635.6299       473.3827         0.0000         0.0000       922.7913          -4239.4558       293.1627     -5162.2471     -4236.6902       303.2526           1059.5710      1071.3303     22803.2917      -177.4327      -177.5272
ENERGY:  460000         0.0000         0.0000         0.0000         0.0000          -5580.7770       372.1087         0.0000         0.0000       942.2351          -4266.4332       299.3398     -5208.6683     -4265.4707       299.1646           -179.8339      -153.0453     22478.5552      -327.0081      -326.8842
ENERGY:  465000         0.0000         0.0000         0.0000         0.0000          -5655.3794       437.1550         0.0000         0.0000       936.3132          -4281.9112       297.4585     -5218.2244     -4279.8551       293.9819            886.2727       912.5926     22458.2551      -217.2233      -217.2797
ENERGY:  470000         0.0000         0.0000         0.0000         0.0000          -5676.3192       472.8946         0.0000         0.0000       944.7598          -4258.6648       300.1419     -5203.4246     -4256.8281       298.6887            572.4182       587.2036     22713.2054      -153.6240      -153.6246
ENERGY:  475000         0.0000         0.0000         0.0000         0.0000          -5468.6254       339.6564         0.0000         0.0000       933.1346          -4195.8344       296.4487     -5128.9690     -4193.1946       301.1908           -719.2747      -684.7873     22773.2547      -234.1130      -234.0937
ENERGY:  480000         0.0000         0.0000         0.0000         0.0000          -5509.2171       389.3728         0.0000         0.0000       912.0584          -4207.7859       289.7530     -5119.8443     -4206.3768       299.1839              7.6060        16.6873     22791.7069      -244.2052      -244.2992
ENERGY:  485000         0.0000         0.0000         0.0000         0.0000          -5620.2868       382.9545         0.0000         0.0000       965.7894          -4271.5429       306.8228     -5237.3323     -4269.2499       298.1753           -332.0209      -293.0982     22560.6047      -261.8266      -261.7849
ENERGY:  490000         0.0000         0.0000         0.0000         0.0000          -5650.6187       436.2743         0.0000         0.0000       904.8265          -4309.5178       287.4554     -5214.3443     -4309.0377       295.4491            450.2191       484.8600     22525.5038      -282.4307      -282.5244
ENERGY:  495000         0.0000         0.0000         0.0000         0.0000          -5621.0997       406.3760         0.0000         0.0000       948.6631          -4266.0606       301.3819     -5214.7237     -4264.7938       298.0714           -167.9627      -146.1064     22612.3352      -194.9421      -194.9499
ENERGY:  500000         0.0000         0.0000         0.0000         0.0000          -5627.2918       421.8123         0.0000         0.0000       952.3801          -4253.0993       302.5628     -5205.4795     -4250.7093       298.2086            164.9237       197.6050     22738.5939      -220.4565      -220.3488
